300
5024513367009432
1576736320701619
3254395538816555
6070505495382049
3780553070964016
1230000949326713
3675028280746372
4833910140186468
3999393498576605
3297414005470578
1624901087124313
2777185340583395
2304246174901573
8388988493998763
7226426218252866
269870820137250
2711615188844910
1993405490828115
9327404218086108
4420587551965908
3927403879490143
7964943773435127
1813936075156575
4413987836388389
2288798335399360
204551624524
9404174339359435
682058390214373
9398496527097706
7189013937914523
4331975380019410
5980063777266444
485755249450482
9700559396353507
8372364541577575
7498212945753180
7493023846487228
2044218719135459
8697028289637034
1194481354326238
2656206654997028
1254474845938444
2776142271981911
9005972577902372
2848941007966449
2266948152483275
1452143526475271
8263494360990879
7294075190555813
1799946039141800
401862127491760
2960554357700831
8569554064892092
6932732028444716
7071223232420598
5757891870283555
9818613936242412
4182619293314171
2200167535605609
1323670796912945
4665507756417241
2608596848763959
1819198186823715
1557354611161778
3797093088107349
4222773195824645
2182550656344702
1962234435575912
5761545913778761
3594583543329422
3637941084165494
261473706463173
7798269147001933
83181470160901
4602460427585765
9264483504197359
8732664930275870
4367604086678802
1432592100214055
7037496559484465
8089141989140280
1714799499002641
4476483237307834
5469096569668330
1055509514529732
3877158173486599
7169514746632127
458733999365186
5776794839680667
6119815160565551
4326771064553707
5468453450741452
7306310093677801
6767558660498160
8942846961988177
3106598755157890
6372987238238392
3150604308327177
3838222466378375
8453833134759098
1981574143026682
5383782508811162
1625520482688225
749394295079818
6399154122668520
7943852165583135
5512051776945345
7412335046609392
5858732384321119
3865831775591876
2917994173005072
7628134599076233
6407024904107520
6052629377797746
4229569412534485
870883297509658
8277216419273714
6398545742905294
1139340035542515
1256502591572700
449489750429719
9785346468902081
8488982652208154
82141589812630
592778237806491
6907148544822036
9056820489949088
1848748548778309
9055531506533178
4275998999876960
2606031809017862
2361348129606944
8493237877602592
8031863251896634
8531049583399210
8369451844484566
8495656383086081
5194041003788926
6738027835228902
8125113458820972
8925446523473309
4110738212290488
5179373995706306
5609316148968260
6189153910317240
8750746237642272
3848885372222884
2555607484115017
8998990171249557
7893689646411469
7413342678974511
9523488984150686
5594924256147289
8752534936154507
4224308553600459
3138791726842557
5397271686712734
5524970512371200
6907191169938305
640455221664606
4095139680688032
3674897960296217
2273057032257456
5802493930048810
4505394706567497
8423028542028141
8778814672651476
5320729447286026
158043382983817
5558484578903827
7646798164495379
2793145650406888
400347234864881
8426504680274366
2355273069740328
5674145937499867
6277254419858149
6527495419395958
7413065901102899
9356616625732885
7361038054614244
933856183351570
2379863841179162
1237852676915551
2051732207088717
7757016811838780
5102935307339099
7118283316364382
2316451969261012
2007451748552512
1523472193409026
7911147698388253
5756278226312241
5865476343138031
9062805563101932
1644545682110339
3718120279727760
2752145194383513
1588459184225666
8850742998354065
8136068147947502
9693092317188964
1564519807501224
6055224961309778
6306841777643669
6341014436122251
6813843393989378
1292108174038121
4118515062624959
8545772953326423
8325922163251562
4817396111903985
2017188898558795
1584753306442660
4549808914325835
6506618584376844
2357177734689904
9735473884008911
5480703995583783
8082438166891820
4383136742425595
4804345618326255
2921644017026221
8851921996887844
9539293748485401
3830075996580658
3499459720488096
9874672074908502
8636336127054366
5465680668224921
1892017176285302
2599454282301565
9714303169284423
1818616536205690
3014044189042995
8826465192057741
8483746266419345
1452706704783887
4458346003768220
8177349597012316
2765738322818044
8818527863658624
9183716367440072
8282522354773133
3056694506330682
662145366509636
5309728768129530
4066054340530819
4068124399243494
9513431654046475
8457773009557066
8132581706480165
2824103511313981
4368471411908853
4701144348977403
8613217899592271
1069240984009877
3054452143639278
8069217521507064
9874368493093390
9906241038676021
7915813290154361
9966312429964435
7557793172797303
3237302818007156
4350022883094641
19338552190122
6345955121164287
3980000706820186
5081409450221011
5778201371796156
3094437205119276
5750368590601249
6062202698149644
4900794064199124
8416894571337527
9016786934725593
5128387512957224
792586089179251
6296640325639654
6230399453763481
5420114572486022
9047914903876753
6878743048816157
1206478557668218
96834081641098
630939073378582
1740949053669683
7085293110933296
4894115975027396
1004316780775806
3474347011571849
7665822015255890
1554142146069136
9957670623230841
7652625650004794
2354467868265950
5786736725060929
7508087509736487
109030374239701
